100
1 2
1 5
1 6
1 8
1 9
1 12
1 15
1 16
1 18
1 19
1 20
1 21
1 25
1 28
1 29
1 31
1 33
1 34
1 35
1 36
1 37
1 38
1 43
1 45
1 47
1 49
1 51
1 52
1 53
1 54
1 55
1 57
1 58
1 60
1 61
1 63
1 64
1 65
1 66
1 67
1 70
1 71
1 72
1 73
1 74
1 75
1 76
1 78
1 80
1 81
1 82
1 84
1 85
1 87
1 88
1 89
1 90
1 91
1 93
1 95
1 96
1 98
1 99
2 3
2 5
2 6
2 7
2 8
2 9
2 10
2 11
2 12
2 13
2 14
2 16
2 17
2 19
2 23
2 25
2 27
2 28
2 30
2 31
2 32
2 33
2 35
2 37
2 38
2 40
2 41
2 42
2 45
2 46
2 47
2 48
2 50
2 52
2 55
2 56
2 57
2 58
2 59
2 61
2 64
2 65
2 66
2 67
2 68
2 69
2 70
2 72
2 73
2 74
2 75
2 76
2 78
2 80
2 81
2 82
2 84
2 85
2 87
2 88
2 90
2 92
2 93
2 94
2 97
2 98
2 99
3 5
3 6
3 7
3 8
3 10
3 15
3 16
3 20
3 22
3 23
3 24
3 25
3 26
3 28
3 29
3 30
3 32
3 33
3 34
3 36
3 37
3 38
3 39
3 40
3 41
3 42
3 43
3 44
3 46
3 47
3 48
3 50
3 51
3 52
3 53
3 54
3 55
3 56
3 57
3 58
3 59
3 60
3 61
3 62
3 64
3 65
3 66
3 67
3 69
3 71
3 73
3 74
3 75
3 76
3 77
3 81
3 82
3 85
3 86
3 87
3 88
3 89
3 91
3 92
3 93
3 94
3 98
3 100
4 5
4 6
4 7
4 8
4 10
4 13
4 14
4 15
4 16
4 18
4 20
4 21
4 25
4 26
4 27
4 28
4 29
4 33
4 34
4 35
4 36
4 37
4 39
4 42
4 44
4 45
4 46
4 48
4 49
4 50
4 51
4 52
4 53
4 55
4 58
4 59
4 60
4 61
4 62
4 63
4 64
4 65
4 68
4 69
4 70
4 72
4 73
4 74
4 75
4 77
4 78
4 79
4 80
4 81
4 86
4 88
4 89
4 90
4 91
4 92
4 94
4 95
4 96
4 97
4 100
5 6
5 7
5 9
5 10
5 11
5 12
5 13
5 14
5 15
5 20
5 22
5 25
5 26
5 27
5 28
5 29
5 33
5 34
5 35
5 36
5 39
5 40
5 41
5 42
5 43
5 44
5 45
5 46
5 47
5 48
5 49
5 50
5 51
5 52
5 53
5 58
5 59
5 60
5 61
5 62
5 65
5 66
5 67
5 68
5 69
5 70
5 72
5 73
5 74
5 77
5 78
5 79
5 80
5 81
5 82
5 83
5 84
5 86
5 87
5 89
5 90
5 91
5 93
5 94
5 95
5 96
5 97
5 98
5 99
6 7
6 8
6 9
6 10
6 11
6 12
6 13
6 14
6 15
6 17
6 18
6 19
6 20
6 22
6 23
6 24
6 27
6 29
6 30
6 31
6 32
6 35
6 37
6 38
6 39
6 40
6 41
6 43
6 44
6 51
6 52
6 53
6 54
6 57
6 58
6 62
6 63
6 64
6 65
6 66
6 67
6 68
6 70
6 72
6 73
6 74
6 75
6 76
6 77
6 79
6 81
6 83
6 84
6 85
6 86
6 87
6 88
6 89
6 90
6 91
6 93
6 94
6 95
6 97
6 98
6 99
7 9
7 10
7 11
7 12
7 18
7 19
7 20
7 22
7 23
7 26
7 28
7 31
7 32
7 33
7 34
7 35
7 40
7 41
7 42
7 43
7 46
7 49
7 50
7 52
7 53
7 54
7 55
7 56
7 57
7 58
7 59
7 60
7 61
7 63
7 64
7 65
7 66
7 67
7 68
7 69
7 70
7 71
7 72
7 74
7 76
7 77
7 79
7 80
7 81
7 82
7 83
7 84
7 85
7 87
7 88
7 89
7 90
7 92
7 93
7 95
7 96
7 98
7 100
8 9
8 10
8 11
8 12
8 15
8 17
8 18
8 19
8 20
8 22
8 23
8 24
8 25
8 26
8 27
8 28
8 29
8 30
8 31
8 32
8 34
8 35
8 36
8 37
8 38
8 39
8 40
8 41
8 42
8 44
8 45
8 46
8 47
8 49
8 50
8 51
8 53
8 54
8 55
8 56
8 59
8 60
8 61
8 62
8 63
8 64
8 67
8 69
8 70
8 71
8 72
8 73
8 74
8 75
8 76
8 77
8 78
8 79
8 80
8 81
8 82
8 83
8 85
8 86
8 87
8 88
8 90
8 91
8 92
8 93
8 94
8 96
8 97
8 99
9 10
9 11
9 12
9 14
9 16
9 17
9 19
9 24
9 26
9 27
9 28
9 29
9 30
9 31
9 32
9 33
9 34
9 36
9 37
9 39
9 40
9 43
9 45
9 47
9 48
9 49
9 50
9 51
9 53
9 54
9 55
9 57
9 58
9 59
9 60
9 61
9 62
9 63
9 64
9 65
9 66
9 68
9 69
9 70
9 71
9 72
9 74
9 75
9 77
9 78
9 79
9 82
9 83
9 84
9 86
9 87
9 88
9 89
9 90
9 91
9 93
9 94
9 96
9 97
9 98
9 99
9 100
10 11
10 12
10 14
10 15
10 16
10 18
10 20
10 21
10 22
10 26
10 27
10 28
10 29
10 30
10 31
10 32
10 33
10 34
10 35
10 39
10 40
10 42
10 44
10 45
10 46
10 47
10 48
10 49
10 50
10 53
10 55
10 56
10 57
10 58
10 60
10 61
10 62
10 63
10 64
10 66
10 67
10 68
10 69
10 70
10 71
10 72
10 74
10 75
10 76
10 78
10 79
10 81
10 82
10 83
10 84
10 86
10 87
10 88
10 89
10 90
10 91
10 92
10 93
10 95
10 97
10 99
10 100
11 14
11 15
11 16
11 18
11 19
11 20
11 21
11 22
11 23
11 24
11 26
11 28
11 29
11 30
11 32
11 34
11 36
11 37
11 39
11 40
11 41
11 42
11 44
11 45
11 46
11 47
11 48
11 52
11 54
11 55
11 56
11 57
11 58
11 59
11 60
11 61
11 63
11 66
11 67
11 68
11 69
11 70
11 71
11 73
11 74
11 75
11 76
11 77
11 79
11 80
11 81
11 82
11 83
11 86
11 87
11 88
11 90
11 91
11 92
11 94
11 96
11 97
11 98
11 99
11 100
12 14
12 15
12 16
12 17
12 19
12 20
12 21
12 22
12 23
12 24
12 25
12 26
12 27
12 28
12 29
12 30
12 31
12 32
12 33
12 34
12 35
12 36
12 37
12 39
12 41
12 43
12 44
12 45
12 46
12 47
12 49
12 50
12 52
12 56
12 57
12 58
12 59
12 61
12 64
12 65
12 66
12 67
12 68
12 69
12 70
12 71
12 72
12 74
12 75
12 76
12 78
12 80
12 81
12 82
12 83
12 85
12 86
12 87
12 89
12 90
12 91
12 95
12 97
12 98
12 100
13 14
13 15
13 16
13 17
13 18
13 20
13 21
13 22
13 23
13 24
13 25
13 27
13 28
13 30
13 32
13 33
13 34
13 35
13 36
13 38
13 39
13 43
13 44
13 45
13 46
13 48
13 49
13 50
13 53
13 54
13 57
13 58
13 59
13 60
13 62
13 64
13 67
13 69
13 71
13 72
13 75
13 76
13 77
13 78
13 79
13 81
13 82
13 83
13 84
13 85
13 86
13 88
13 90
13 91
13 93
13 94
13 95
13 98
13 99
13 100
14 15
14 16
14 17
14 18
14 19
14 20
14 21
14 22
14 24
14 25
14 26
14 27
14 28
14 29
14 30
14 35
14 36
14 37
14 38
14 39
14 40
14 42
14 43
14 44
14 45
14 47
14 48
14 50
14 52
14 53
14 56
14 58
14 60
14 61
14 63
14 64
14 67
14 69
14 70
14 71
14 72
14 73
14 74
14 75
14 76
14 77
14 78
14 79
14 80
14 82
14 83
14 84
14 85
14 89
14 90
14 91
14 92
14 93
14 94
14 95
14 96
14 98
14 99
15 17
15 20
15 22
15 23
15 26
15 27
15 28
15 29
15 30
15 31
15 32
15 34
15 35
15 36
15 38
15 39
15 40
15 41
15 43
15 44
15 45
15 46
15 47
15 48
15 50
15 52
15 53
15 54
15 56
15 57
15 59
15 60
15 61
15 62
15 63
15 64
15 65
15 70
15 72
15 74
15 77
15 78
15 80
15 81
15 83
15 84
15 85
15 86
15 87
15 88
15 90
15 91
15 92
15 94
15 95
15 96
15 99
16 19
16 20
16 22
16 23
16 24
16 27
16 28
16 29
16 31
16 33
16 34
16 35
16 36
16 37
16 41
16 43
16 44
16 45
16 46
16 47
16 48
16 49
16 50
16 51
16 52
16 54
16 55
16 56
16 57
16 58
16 59
16 60
16 64
16 65
16 66
16 69
16 70
16 71
16 73
16 74
16 75
16 76
16 77
16 78
16 79
16 80
16 84
16 85
16 89
16 90
16 92
16 93
16 95
16 96
16 97
16 98
16 99
17 18
17 19
17 20
17 21
17 22
17 23
17 24
17 27
17 28
17 30
17 31
17 32
17 33
17 34
17 36
17 37
17 39
17 40
17 41
17 42
17 44
17 46
17 47
17 48
17 49
17 50
17 51
17 53
17 55
17 56
17 58
17 59
17 60
17 61
17 62
17 67
17 68
17 69
17 74
17 75
17 76
17 77
17 78
17 79
17 81
17 82
17 84
17 85
17 86
17 87
17 89
17 90
17 91
17 94
17 95
17 96
17 97
17 99
18 19
18 20
18 21
18 22
18 23
18 24
18 25
18 26
18 27
18 28
18 29
18 30
18 31
18 32
18 33
18 35
18 36
18 39
18 42
18 43
18 44
18 46
18 47
18 48
18 49
18 51
18 52
18 54
18 55
18 56
18 57
18 58
18 59
18 60
18 62
18 63
18 64
18 65
18 66
18 67
18 68
18 69
18 70
18 71
18 72
18 73
18 76
18 77
18 78
18 80
18 81
18 82
18 84
18 85
18 86
18 88
18 89
18 90
18 92
18 94
18 96
18 97
18 98
18 100
19 21
19 23
19 24
19 25
19 26
19 27
19 28
19 29
19 30
19 31
19 34
19 38
19 39
19 42
19 45
19 46
19 47
19 48
19 49
19 50
19 53
19 54
19 55
19 57
19 58
19 59
19 61
19 63
19 64
19 65
19 66
19 68
19 71
19 73
19 74
19 75
19 79
19 81
19 84
19 85
19 87
19 88
19 90
19 91
19 92
19 93
19 94
19 96
19 97
19 100
20 21
20 22
20 23
20 24
20 25
20 26
20 27
20 28
20 32
20 33
20 34
20 35
20 36
20 37
20 38
20 39
20 42
20 43
20 44
20 45
20 47
20 49
20 50
20 51
20 55
20 57
20 58
20 60
20 61
20 62
20 63
20 64
20 65
20 67
20 68
20 69
20 70
20 73
20 74
20 75
20 76
20 77
20 82
20 83
20 84
20 85
20 87
20 88
20 89
20 90
20 91
20 92
20 93
20 95
20 96
20 99
20 100
21 23
21 25
21 26
21 27
21 28
21 30
21 32
21 35
21 37
21 38
21 39
21 41
21 43
21 44
21 46
21 47
21 48
21 50
21 51
21 52
21 53
21 55
21 56
21 57
21 58
21 60
21 61
21 62
21 63
21 65
21 66
21 70
21 72
21 73
21 75
21 76
21 79
21 80
21 81
21 83
21 84
21 85
21 86
21 87
21 88
21 90
21 91
21 93
21 94
21 95
21 97
22 23
22 25
22 27
22 28
22 29
22 30
22 31
22 32
22 36
22 37
22 38
22 39
22 40
22 41
22 42
22 43
22 44
22 45
22 48
22 49
22 50
22 51
22 53
22 55
22 56
22 58
22 59
22 60
22 61
22 62
22 63
22 65
22 66
22 68
22 69
22 70
22 72
22 73
22 74
22 75
22 76
22 77
22 78
22 80
22 82
22 83
22 84
22 86
22 90
22 91
22 92
22 93
22 94
22 95
22 97
22 98
22 99
22 100
23 25
23 26
23 27
23 29
23 30
23 32
23 33
23 34
23 35
23 37
23 38
23 40
23 41
23 42
23 44
23 45
23 47
23 49
23 50
23 51
23 55
23 56
23 57
23 58
23 59
23 60
23 63
23 64
23 66
23 70
23 72
23 73
23 74
23 75
23 77
23 79
23 80
23 81
23 82
23 83
23 84
23 85
23 86
23 87
23 88
23 89
23 90
23 91
23 92
23 93
23 94
23 95
23 96
23 97
23 100
24 25
24 26
24 27
24 28
24 29
24 31
24 34
24 35
24 36
24 37
24 38
24 39
24 40
24 41
24 43
24 44
24 45
24 46
24 48
24 52
24 53
24 54
24 56
24 57
24 58
24 59
24 61
24 64
24 65
24 67
24 68
24 69
24 70
24 71
24 72
24 73
24 74
24 75
24 76
24 78
24 79
24 80
24 82
24 83
24 84
24 86
24 87
24 88
24 90
24 91
24 93
24 94
24 95
24 96
24 98
24 99
24 100
25 27
25 29
25 30
25 31
25 32
25 36
25 38
25 39
25 41
25 42
25 43
25 44
25 45
25 47
25 48
25 50
25 51
25 52
25 53
25 56
25 58
25 59
25 62
25 63
25 64
25 66
25 68
25 71
25 72
25 73
25 75
25 76
25 77
25 80
25 81
25 82
25 84
25 85
25 86
25 87
25 88
25 89
25 92
25 93
25 94
25 96
25 97
25 98
25 99
26 27
26 28
26 29
26 31
26 32
26 33
26 35
26 37
26 38
26 39
26 40
26 42
26 43
26 45
26 46
26 48
26 49
26 50
26 51
26 53
26 54
26 57
26 58
26 60
26 61
26 62
26 65
26 66
26 67
26 68
26 69
26 70
26 71
26 75
26 76
26 77
26 79
26 80
26 81
26 83
26 84
26 85
26 86
26 87
26 88
26 89
26 90
26 93
26 94
26 95
26 96
26 98
27 28
27 29
27 30
27 31
27 32
27 33
27 34
27 35
27 36
27 39
27 40
27 41
27 42
27 43
27 45
27 46
27 49
27 50
27 51
27 52
27 53
27 55
27 58
27 61
27 62
27 63
27 64
27 66
27 67
27 68
27 69
27 70
27 71
27 72
27 74
27 75
27 79
27 80
27 81
27 82
27 84
27 85
27 86
27 87
27 88
27 89
27 90
27 92
27 93
27 94
27 96
27 97
27 98
27 99
28 29
28 31
28 32
28 33
28 34
28 35
28 38
28 39
28 40
28 42
28 43
28 44
28 45
28 46
28 48
28 49
28 50
28 53
28 54
28 55
28 56
28 57
28 62
28 63
28 64
28 65
28 66
28 68
28 69
28 70
28 71
28 73
28 74
28 75
28 80
28 81
28 82
28 84
28 85
28 86
28 88
28 89
28 90
28 91
28 92
28 93
28 94
28 95
28 96
29 30
29 32
29 35
29 36
29 37
29 38
29 40
29 41
29 43
29 44
29 45
29 47
29 48
29 49
29 50
29 51
29 52
29 53
29 54
29 55
29 57
29 59
29 60
29 61
29 62
29 64
29 65
29 66
29 68
29 69
29 70
29 71
29 72
29 73
29 76
29 78
29 80
29 81
29 83
29 84
29 87
29 88
29 90
29 91
29 93
29 96
29 98
29 99
29 100
30 32
30 33
30 34
30 35
30 36
30 37
30 39
30 40
30 41
30 43
30 44
30 45
30 46
30 47
30 48
30 49
30 50
30 51
30 52
30 53
30 54
30 56
30 57
30 58
30 59
30 60
30 61
30 63
30 64
30 66
30 67
30 68
30 69
30 71
30 72
30 73
30 74
30 75
30 76
30 77
30 78
30 79
30 81
30 82
30 83
30 85
30 89
30 91
30 93
30 94
30 95
30 96
30 97
30 98
31 32
31 33
31 34
31 36
31 37
31 38
31 41
31 42
31 43
31 44
31 45
31 48
31 51
31 52
31 53
31 54
31 56
31 59
31 61
31 62
31 63
31 64
31 65
31 66
31 70
31 71
31 72
31 73
31 75
31 76
31 77
31 80
31 81
31 82
31 83
31 84
31 85
31 86
31 87
31 90
31 91
31 92
31 93
31 94
31 95
31 96
31 97
31 99
31 100
32 36
32 38
32 41
32 43
32 44
32 45
32 46
32 47
32 49
32 50
32 51
32 53
32 55
32 56
32 58
32 60
32 61
32 62
32 64
32 65
32 66
32 68
32 69
32 70
32 71
32 73
32 74
32 75
32 76
32 77
32 78
32 82
32 83
32 84
32 85
32 86
32 88
32 89
32 90
32 91
32 92
32 95
32 97
32 99
33 36
33 37
33 38
33 39
33 40
33 41
33 43
33 46
33 48
33 49
33 50
33 51
33 54
33 55
33 57
33 59
33 60
33 61
33 62
33 64
33 65
33 66
33 67
33 68
33 70
33 71
33 72
33 74
33 75
33 77
33 78
33 80
33 81
33 82
33 83
33 84
33 85
33 86
33 87
33 89
33 91
33 92
33 93
33 94
33 96
33 99
34 35
34 37
34 38
34 39
34 41
34 42
34 43
34 46
34 47
34 48
34 49
34 50
34 51
34 52
34 53
34 54
34 57
34 58
34 59
34 61
34 62
34 65
34 66
34 68
34 69
34 70
34 71
34 72
34 73
34 75
34 77
34 78
34 79
34 80
34 82
34 83
34 87
34 88
34 89
34 90
34 92
34 93
34 94
34 95
34 96
34 97
34 98
34 99
34 100
35 36
35 37
35 41
35 44
35 45
35 46
35 47
35 48
35 49
35 50
35 51
35 54
35 56
35 57
35 58
35 59
35 60
35 61
35 62
35 63
35 65
35 66
35 67
35 68
35 71
35 73
35 74
35 75
35 76
35 78
35 79
35 82
35 83
35 84
35 85
35 87
35 88
35 90
35 92
35 93
35 95
35 99
35 100
36 39
36 40
36 42
36 43
36 44
36 46
36 48
36 51
36 53
36 54
36 55
36 56
36 57
36 58
36 59
36 61
36 64
36 66
36 67
36 68
36 70
36 71
36 72
36 73
36 77
36 80
36 83
36 84
36 85
36 86
36 88
36 89
36 90
36 91
36 96
36 97
36 98
36 99
36 100
37 39
37 40
37 41
37 44
37 45
37 46
37 47
37 48
37 50
37 51
37 52
37 53
37 54
37 55
37 56
37 57
37 58
37 59
37 60
37 61
37 62
37 65
37 66
37 72
37 73
37 74
37 76
37 78
37 79
37 81
37 82
37 83
37 85
37 86
37 87
37 89
37 90
37 91
37 93
37 95
37 96
37 97
37 98
37 99
37 100
38 39
38 40
38 42
38 43
38 44
38 46
38 47
38 48
38 51
38 52
38 53
38 54
38 55
38 56
38 62
38 63
38 64
38 65
38 67
38 68
38 69
38 70
38 71
38 72
38 74
38 75
38 76
38 78
38 79
38 80
38 81
38 82
38 84
38 85
38 86
38 87
38 88
38 89
38 90
38 92
38 96
38 97
38 98
39 42
39 43
39 44
39 45
39 47
39 48
39 50
39 52
39 53
39 55
39 57
39 59
39 60
39 61
39 62
39 63
39 65
39 68
39 69
39 70
39 73
39 75
39 76
39 77
39 78
39 79
39 82
39 83
39 84
39 85
39 86
39 87
39 90
39 91
39 93
39 94
39 95
39 97
39 98
40 41
40 42
40 43
40 46
40 48
40 49
40 50
40 51
40 52
40 55
40 56
40 57
40 60
40 62
40 63
40 64
40 65
40 66
40 70
40 71
40 72
40 73
40 74
40 75
40 77
40 78
40 79
40 80
40 81
40 82
40 84
40 85
40 90
40 91
40 93
40 94
40 95
40 96
40 98
40 99
41 42
41 46
41 47
41 48
41 49
41 50
41 53
41 54
41 55
41 57
41 58
41 59
41 60
41 61
41 62
41 66
41 67
41 68
41 69
41 72
41 73
41 74
41 75
41 76
41 78
41 79
41 80
41 82
41 83
41 85
41 87
41 88
41 89
41 90
41 91
41 92
41 93
41 94
41 95
41 96
41 97
41 98
41 100
42 43
42 44
42 45
42 46
42 47
42 48
42 49
42 50
42 51
42 52
42 53
42 54
42 55
42 58
42 59
42 60
42 62
42 64
42 65
42 66
42 68
42 69
42 71
42 73
42 74
42 75
42 77
42 78
42 80
42 81
42 82
42 83
42 84
42 85
42 86
42 87
42 88
42 89
42 90
42 91
42 92
42 94
42 95
42 97
42 98
43 44
43 46
43 47
43 48
43 49
43 50
43 51
43 52
43 53
43 54
43 55
43 56
43 58
43 59
43 60
43 61
43 63
43 64
43 66
43 67
43 68
43 70
43 71
43 73
43 74
43 75
43 76
43 77
43 78
43 79
43 80
43 81
43 82
43 83
43 86
43 87
43 88
43 89
43 90
43 91
43 92
43 93
43 94
43 97
43 99
44 47
44 50
44 52
44 53
44 56
44 57
44 58
44 59
44 61
44 64
44 65
44 66
44 67
44 69
44 71
44 72
44 73
44 76
44 79
44 80
44 81
44 82
44 83
44 85
44 86
44 88
44 92
44 93
44 94
44 96
44 98
44 99
45 46
45 47
45 48
45 49
45 50
45 51
45 54
45 55
45 56
45 57
45 59
45 61
45 62
45 63
45 65
45 66
45 70
45 71
45 72
45 73
45 74
45 75
45 77
45 78
45 79
45 80
45 81
45 82
45 84
45 85
45 88
45 89
45 90
45 91
45 93
45 94
45 95
45 97
45 98
45 99
45 100
46 47
46 49
46 50
46 52
46 53
46 54
46 55
46 56
46 57
46 58
46 60
46 62
46 63
46 64
46 67
46 68
46 69
46 70
46 71
46 72
46 73
46 74
46 76
46 77
46 78
46 84
46 85
46 86
46 89
46 90
46 91
46 93
46 94
46 95
46 96
46 99
47 48
47 49
47 50
47 51
47 52
47 54
47 55
47 56
47 57
47 61
47 63
47 65
47 66
47 67
47 70
47 71
47 73
47 75
47 76
47 77
47 78
47 79
47 80
47 82
47 83
47 85
47 86
47 87
47 89
47 91
47 93
47 94
47 96
47 97
47 98
47 100
48 49
48 53
48 57
48 58
48 59
48 60
48 61
48 62
48 63
48 65
48 68
48 69
48 70
48 71
48 73
48 74
48 75
48 77
48 78
48 79
48 81
48 83
48 84
48 85
48 86
48 87
48 89
48 91
48 93
48 94
48 95
48 96
48 98
48 99
48 100
49 51
49 53
49 55
49 57
49 64
49 65
49 67
49 70
49 72
49 73
49 75
49 76
49 79
49 82
49 83
49 84
49 85
49 86
49 89
49 90
49 91
49 94
49 95
49 96
49 97
49 99
50 51
50 53
50 55
50 56
50 57
50 58
50 60
50 61
50 62
50 63
50 66
50 67
50 68
50 69
50 70
50 71
50 75
50 76
50 77
50 78
50 82
50 84
50 85
50 88
50 89
50 90
50 91
50 92
50 93
50 94
50 95
50 96
50 97
51 53
51 55
51 56
51 57
51 58
51 59
51 60
51 61
51 62
51 63
51 64
51 65
51 66
51 67
51 68
51 69
51 71
51 72
51 73
51 74
51 75
51 76
51 79
51 81
51 82
51 83
51 85
51 87
51 88
51 89
51 90
51 91
51 92
51 94
51 96
51 98
51 99
51 100
52 53
52 55
52 56
52 59
52 60
52 61
52 65
52 66
52 67
52 70
52 76
52 77
52 78
52 79
52 80
52 81
52 83
52 84
52 87
52 89
52 91
52 94
52 95
52 97
52 98
52 99
52 100
53 55
53 57
53 58
53 60
53 61
53 63
53 64
53 65
53 67
53 68
53 69
53 70
53 72
53 73
53 74
53 75
53 76
53 78
53 80
53 81
53 82
53 84
53 85
53 86
53 87
53 88
53 89
53 90
53 91
53 92
53 93
53 94
53 95
53 98
53 99
54 55
54 57
54 58
54 59
54 60
54 61
54 62
54 63
54 64
54 65
54 66
54 67
54 68
54 69
54 70
54 71
54 72
54 73
54 74
54 75
54 76
54 78
54 79
54 80
54 81
54 82
54 84
54 85
54 86
54 87
54 89
54 92
54 94
54 96
54 97
54 98
54 99
54 100
55 56
55 57
55 58
55 59
55 61
55 62
55 63
55 64
55 65
55 67
55 68
55 70
55 72
55 73
55 74
55 75
55 76
55 77
55 79
55 80
55 81
55 83
55 84
55 85
55 86
55 87
55 88
55 89
55 90
55 91
55 93
55 94
55 95
55 96
55 98
55 99
56 57
56 58
56 59
56 60
56 62
56 65
56 66
56 68
56 69
56 72
56 73
56 74
56 75
56 79
56 80
56 81
56 83
56 84
56 85
56 86
56 87
56 88
56 89
56 90
56 92
56 94
56 95
56 96
56 99
56 100
57 58
57 59
57 61
57 62
57 63
57 66
57 67
57 68
57 69
57 70
57 71
57 72
57 75
57 77
57 80
57 81
57 83
57 84
57 85
57 86
57 87
57 88
57 89
57 90
57 92
57 93
57 94
57 95
57 98
57 99
57 100
58 60
58 61
58 63
58 64
58 65
58 67
58 68
58 69
58 70
58 71
58 73
58 74
58 76
58 77
58 78
58 79
58 80
58 81
58 83
58 84
58 85
58 86
58 87
58 88
58 91
58 93
58 94
58 95
58 97
58 98
58 99
58 100
59 61
59 62
59 63
59 64
59 65
59 66
59 69
59 70
59 71
59 74
59 75
59 77
59 78
59 79
59 82
59 84
59 86
59 88
59 89
59 90
59 91
59 92
59 93
59 94
59 98
59 99
59 100
60 62
60 65
60 66
60 67
60 68
60 69
60 70
60 72
60 73
60 74
60 75
60 76
60 78
60 81
60 84
60 85
60 86
60 87
60 88
60 91
60 92
60 93
60 95
60 96
60 98
60 99
60 100
61 62
61 63
61 64
61 66
61 67
61 68
61 69
61 71
61 73
61 74
61 75
61 76
61 77
61 78
61 79
61 81
61 84
61 87
61 89
61 90
61 92
61 94
61 95
61 96
61 97
61 98
61 99
61 100
62 63
62 64
62 65
62 66
62 70
62 71
62 74
62 76
62 77
62 78
62 79
62 80
62 81
62 82
62 85
62 86
62 87
62 90
62 91
62 92
62 93
62 98
62 99
63 64
63 65
63 66
63 67
63 68
63 69
63 70
63 72
63 74
63 75
63 76
63 77
63 79
63 80
63 82
63 85
63 87
63 89
63 90
63 91
63 92
63 95
63 97
63 99
63 100
64 65
64 67
64 69
64 70
64 71
64 73
64 74
64 77
64 79
64 80
64 81
64 83
64 84
64 86
64 87
64 88
64 89
64 90
64 92
64 95
64 96
64 98
64 100
65 68
65 69
65 70
65 71
65 74
65 76
65 77
65 78
65 79
65 80
65 81
65 82
65 83
65 84
65 85
65 86
65 88
65 89
65 91
65 93
65 94
65 95
65 96
65 97
65 99
65 100
66 67
66 68
66 70
66 71
66 72
66 73
66 74
66 75
66 76
66 79
66 80
66 81
66 82
66 83
66 84
66 85
66 86
66 87
66 88
66 89
66 90
66 92
66 93
66 94
66 98
66 99
67 68
67 69
67 72
67 73
67 75
67 76
67 78
67 79
67 80
67 81
67 83
67 84
67 85
67 86
67 87
67 88
67 89
67 90
67 91
67 92
67 93
67 94
67 96
67 97
67 99
68 69
68 70
68 71
68 72
68 74
68 75
68 76
68 77
68 81
68 82
68 83
68 84
68 85
68 86
68 87
68 89
68 90
68 91
68 93
68 94
68 95
68 96
68 97
68 98
68 99
68 100
69 71
69 72
69 73
69 74
69 75
69 77
69 78
69 79
69 80
69 82
69 84
69 87
69 88
69 89
69 93
69 94
69 98
69 99
69 100
70 72
70 78
70 79
70 81
70 82
70 83
70 84
70 86
70 90
70 91
70 92
70 93
70 95
70 96
70 97
70 99
70 100
71 73
71 74
71 75
71 76
71 77
71 78
71 79
71 80
71 81
71 82
71 83
71 84
71 85
71 86
71 88
71 89
71 91
71 92
71 93
71 94
71 95
71 96
71 97
71 100
72 75
72 76
72 77
72 79
72 80
72 81
72 83
72 84
72 85
72 86
72 87
72 88
72 89
72 90
72 95
72 96
72 97
72 98
72 99
73 74
73 77
73 78
73 79
73 80
73 81
73 82
73 84
73 85
73 86
73 87
73 88
73 89
73 90
73 91
73 92
73 94
73 95
73 96
73 100
74 75
74 76
74 77
74 78
74 79
74 80
74 81
74 84
74 85
74 86
74 87
74 88
74 89
74 91
74 92
74 93
74 96
74 97
74 99
74 100
75 76
75 77
75 78
75 81
75 82
75 83
75 84
75 85
75 86
75 89
75 91
75 92
75 93
75 95
75 97
75 98
75 99
75 100
76 79
76 80
76 81
76 82
76 84
76 85
76 86
76 87
76 88
76 89
76 90
76 91
76 93
76 94
76 95
76 97
76 98
76 99
76 100
77 78
77 80
77 82
77 84
77 85
77 87
77 89
77 90
77 92
77 94
77 95
77 97
77 99
77 100
78 83
78 85
78 86
78 87
78 88
78 89
78 91
78 92
78 93
78 94
78 95
78 96
78 98
78 99
78 100
79 81
79 83
79 84
79 86
79 87
79 88
79 89
79 90
79 91
79 92
79 95
79 97
79 98
79 99
79 100
80 82
80 84
80 85
80 86
80 87
80 89
80 92
80 94
80 96
80 97
80 98
80 100
81 83
81 84
81 85
81 86
81 87
81 88
81 90
81 91
81 92
81 94
81 98
81 99
82 84
82 87
82 88
82 89
82 90
82 91
82 93
82 94
82 95
82 97
82 98
82 100
83 84
83 85
83 86
83 89
83 90
83 91
83 92
83 94
83 96
83 97
84 85
84 87
84 88
84 89
84 90
84 92
84 93
84 96
84 97
84 98
84 99
84 100
85 87
85 88
85 91
85 92
85 94
85 95
85 96
85 97
86 87
86 89
86 90
86 93
86 94
86 96
86 97
86 98
86 99
87 89
87 91
87 92
87 93
87 94
87 96
87 97
87 98
87 99
87 100
88 89
88 91
88 92
88 93
88 94
88 95
88 99
89 90
89 92
89 93
89 94
89 95
89 97
89 99
89 100
90 91
90 92
90 93
90 94
90 96
90 99
91 93
91 95
91 97
91 99
92 93
92 94
92 96
92 99
92 100
93 94
93 95
93 96
93 97
93 98
93 99
94 95
94 96
94 98
94 99
94 100
95 96
95 97
95 98
95 99
95 100
96 97
96 98
96 100
97 98
97 99
97 100
98 99
98 100
99 100