100
1 3
1 7
1 8
1 12
1 14
1 17
1 18
1 19
1 22
1 25
1 26
1 32
1 40
1 47
1 50
1 52
1 53
1 59
1 61
1 65
1 68
1 70
1 71
1 72
1 74
1 77
1 78
1 79
1 81
1 82
1 85
1 86
1 91
1 95
1 96
2 4
2 6
2 12
2 13
2 15
2 16
2 17
2 20
2 23
2 26
2 32
2 34
2 38
2 39
2 40
2 43
2 44
2 46
2 47
2 48
2 54
2 55
2 57
2 61
2 63
2 68
2 70
2 78
2 84
2 88
2 94
2 99
3 5
3 8
3 9
3 23
3 24
3 26
3 29
3 32
3 33
3 36
3 39
3 45
3 46
3 48
3 51
3 58
3 61
3 63
3 72
3 75
3 77
3 79
3 81
3 84
3 86
3 89
3 91
3 92
3 96
3 100
4 8
4 10
4 15
4 16
4 17
4 19
4 23
4 24
4 27
4 30
4 32
4 36
4 38
4 39
4 47
4 53
4 54
4 58
4 59
4 64
4 67
4 70
4 72
4 73
4 78
4 84
4 86
5 7
5 17
5 19
5 21
5 28
5 29
5 30
5 31
5 39
5 48
5 51
5 52
5 55
5 57
5 58
5 59
5 64
5 66
5 69
5 72
5 74
5 76
5 81
5 87
5 93
5 97
5 98
5 100
6 8
6 9
6 10
6 11
6 15
6 16
6 17
6 20
6 24
6 29
6 32
6 35
6 39
6 40
6 45
6 50
6 62
6 64
6 65
6 69
6 74
6 77
6 79
6 81
6 93
6 98
6 99
6 100
7 12
7 16
7 18
7 20
7 24
7 27
7 30
7 41
7 43
7 46
7 48
7 50
7 52
7 55
7 56
7 60
7 66
7 71
7 74
7 77
7 79
7 80
7 81
7 82
7 84
7 86
7 90
7 91
7 96
7 98
8 10
8 12
8 16
8 20
8 21
8 23
8 25
8 27
8 29
8 30
8 40
8 42
8 45
8 47
8 52
8 54
8 56
8 57
8 73
8 78
8 79
8 80
8 81
8 86
8 87
8 93
8 96
9 17
9 19
9 20
9 21
9 26
9 27
9 28
9 29
9 30
9 33
9 37
9 41
9 42
9 43
9 48
9 49
9 52
9 54
9 55
9 57
9 61
9 62
9 64
9 66
9 67
9 71
9 77
9 78
9 82
9 86
9 89
9 97
9 99
10 14
10 24
10 26
10 27
10 28
10 30
10 34
10 43
10 54
10 56
10 61
10 64
10 71
10 73
10 77
10 86
10 92
10 95
10 97
11 13
11 16
11 17
11 19
11 20
11 22
11 25
11 26
11 32
11 33
11 45
11 46
11 48
11 55
11 57
11 58
11 60
11 61
11 64
11 69
11 71
11 77
11 78
11 85
11 95
11 99
12 13
12 14
12 16
12 17
12 18
12 21
12 25
12 27
12 32
12 33
12 36
12 43
12 44
12 51
12 57
12 63
12 68
12 76
12 80
12 86
12 88
12 90
12 91
12 92
12 93
12 98
12 99
12 100
13 23
13 27
13 29
13 30
13 31
13 32
13 33
13 34
13 42
13 45
13 48
13 49
13 51
13 52
13 54
13 55
13 56
13 59
13 60
13 63
13 67
13 73
13 77
13 79
13 80
13 81
13 83
13 85
13 88
13 90
13 91
13 94
13 99
14 18
14 21
14 29
14 32
14 33
14 45
14 46
14 53
14 56
14 58
14 60
14 67
14 68
14 69
14 71
14 72
14 77
14 79
14 80
14 93
14 94
14 99
15 17
15 23
15 27
15 29
15 30
15 31
15 33
15 35
15 36
15 37
15 39
15 43
15 45
15 46
15 49
15 62
15 65
15 71
15 75
15 82
15 83
15 86
15 90
15 91
15 94
15 99
15 100
16 20
16 22
16 23
16 27
16 36
16 42
16 52
16 57
16 61
16 75
16 84
16 85
16 89
16 91
16 92
16 98
17 18
17 19
17 21
17 22
17 26
17 30
17 37
17 40
17 45
17 52
17 56
17 58
17 63
17 65
17 70
17 71
17 76
17 77
17 78
17 80
17 81
17 84
17 88
17 95
17 97
17 99
17 100
18 20
18 21
18 26
18 28
18 32
18 38
18 40
18 42
18 43
18 44
18 45
18 47
18 50
18 53
18 54
18 55
18 61
18 64
18 66
18 67
18 74
18 79
18 81
18 88
18 91
18 92
18 96
18 97
18 98
18 100
19 21
19 24
19 25
19 26
19 32
19 35
19 37
19 39
19 44
19 47
19 51
19 52
19 58
19 59
19 62
19 65
19 66
19 68
19 69
19 70
19 76
19 80
19 81
19 85
19 86
19 88
19 92
19 99
20 25
20 29
20 39
20 40
20 44
20 46
20 47
20 50
20 51
20 55
20 56
20 57
20 58
20 65
20 70
20 75
20 78
20 79
20 83
20 85
20 92
20 94
20 97
20 99
21 34
21 39
21 53
21 54
21 55
21 60
21 61
21 62
21 64
21 66
21 70
21 71
21 72
21 79
21 83
21 86
21 87
21 92
21 93
21 98
21 99
22 23
22 26
22 29
22 31
22 32
22 35
22 44
22 46
22 47
22 50
22 52
22 53
22 56
22 60
22 64
22 66
22 68
22 69
22 72
22 73
22 78
22 84
22 85
22 87
22 92
22 93
22 99
23 26
23 28
23 31
23 32
23 35
23 45
23 48
23 57
23 63
23 64
23 66
23 68
23 73
23 75
23 77
23 84
23 85
23 90
23 92
23 94
23 96
24 27
24 28
24 35
24 38
24 40
24 46
24 47
24 48
24 49
24 60
24 61
24 69
24 72
24 74
24 81
24 82
24 89
24 90
24 91
24 92
24 93
24 96
24 97
25 28
25 29
25 36
25 43
25 45
25 50
25 61
25 65
25 73
25 74
25 81
25 82
25 86
25 92
25 97
25 98
25 99
26 27
26 30
26 32
26 33
26 43
26 44
26 52
26 59
26 61
26 64
26 66
26 68
26 78
26 80
26 81
26 82
26 84
26 87
26 90
26 91
26 96
27 29
27 32
27 33
27 35
27 38
27 46
27 48
27 50
27 52
27 54
27 59
27 64
27 72
27 74
27 76
27 81
27 82
27 83
27 86
27 88
27 92
28 29
28 35
28 39
28 43
28 44
28 46
28 50
28 54
28 59
28 60
28 61
28 62
28 64
28 67
28 68
28 77
28 79
28 80
28 85
28 86
28 89
28 93
28 96
28 99
29 31
29 34
29 35
29 37
29 38
29 40
29 44
29 45
29 47
29 51
29 52
29 53
29 58
29 59
29 62
29 68
29 79
29 85
29 86
29 88
29 91
29 94
29 95
29 99
30 35
30 43
30 47
30 50
30 55
30 57
30 61
30 65
30 75
30 77
30 87
30 88
30 89
30 92
30 93
30 96
30 99
31 36
31 39
31 40
31 44
31 58
31 63
31 65
31 66
31 69
31 71
31 73
31 79
31 83
32 34
32 36
32 37
32 38
32 41
32 46
32 49
32 51
32 55
32 56
32 59
32 62
32 63
32 64
32 68
32 72
32 74
32 76
32 78
32 79
32 80
32 81
32 83
32 94
32 97
32 99
33 34
33 38
33 45
33 46
33 48
33 49
33 61
33 63
33 70
33 72
33 76
33 77
33 83
33 87
33 88
33 89
33 91
33 95
33 97
33 98
34 37
34 40
34 43
34 50
34 63
34 64
34 65
34 77
34 79
34 82
34 86
34 87
34 89
34 94
34 95
34 96
34 99
35 37
35 38
35 39
35 52
35 61
35 63
35 66
35 68
35 73
35 76
35 79
35 91
35 94
35 97
35 99
36 40
36 46
36 48
36 55
36 56
36 67
36 68
36 69
36 72
36 74
36 77
36 78
36 79
36 84
36 85
36 90
36 93
36 95
36 99
37 38
37 43
37 44
37 47
37 51
37 65
37 68
37 73
37 74
37 75
37 81
37 84
37 87
37 90
37 92
37 94
37 95
37 97
38 40
38 43
38 44
38 45
38 49
38 53
38 54
38 58
38 60
38 61
38 73
38 78
38 79
38 82
38 84
38 97
38 100
39 42
39 45
39 46
39 47
39 49
39 51
39 52
39 55
39 57
39 58
39 59
39 69
39 72
39 78
39 81
39 84
39 85
39 89
39 90
39 94
39 95
39 96
39 97
39 98
40 41
40 42
40 45
40 49
40 50
40 55
40 59
40 60
40 64
40 65
40 67
40 68
40 70
40 72
40 79
40 82
40 83
40 84
40 87
40 90
40 91
40 92
40 100
41 43
41 51
41 59
41 62
41 63
41 69
41 70
41 72
41 73
41 75
41 76
41 77
41 79
41 81
41 88
41 90
41 96
41 98
42 43
42 47
42 50
42 52
42 58
42 63
42 65
42 69
42 72
42 77
42 78
42 81
42 82
42 83
42 86
42 90
42 94
42 95
42 96
42 97
43 46
43 49
43 52
43 53
43 55
43 61
43 66
43 70
43 72
43 77
43 81
43 84
43 86
43 91
43 98
44 50
44 54
44 57
44 59
44 61
44 62
44 64
44 66
44 67
44 69
44 71
44 73
44 77
44 81
44 82
44 83
44 84
44 87
44 88
44 89
44 96
44 99
45 46
45 47
45 48
45 51
45 54
45 56
45 71
45 73
45 80
45 81
45 86
45 91
46 49
46 52
46 53
46 58
46 60
46 67
46 69
46 70
46 76
46 83
46 86
46 94
46 96
47 48
47 49
47 50
47 54
47 58
47 61
47 63
47 64
47 65
47 67
47 69
47 72
47 73
47 78
47 81
47 82
47 86
47 92
48 51
48 59
48 61
48 65
48 67
48 69
48 71
48 72
48 82
48 83
48 84
48 88
48 93
48 94
48 99
49 57
49 60
49 61
49 64
49 65
49 68
49 69
49 73
49 78
49 82
49 84
49 88
49 89
49 92
49 96
49 99
50 51
50 53
50 59
50 61
50 62
50 66
50 68
50 71
50 74
50 75
50 84
50 85
50 88
50 90
50 91
50 92
50 96
50 98
50 99
51 53
51 56
51 59
51 61
51 64
51 65
51 67
51 75
51 76
51 77
51 81
51 84
51 86
51 88
51 91
51 92
51 95
51 100
52 53
52 54
52 60
52 65
52 67
52 68
52 69
52 71
52 72
52 73
52 74
52 75
52 76
52 85
52 86
52 91
52 94
52 95
52 96
52 97
53 68
53 74
53 78
53 85
53 92
53 93
53 96
54 55
54 66
54 67
54 68
54 70
54 71
54 77
54 87
54 96
54 98
55 64
55 65
55 74
55 75
55 79
55 83
55 84
55 88
55 92
55 94
55 97
55 99
56 58
56 63
56 65
56 66
56 69
56 73
56 76
56 81
56 86
56 88
56 89
56 93
56 94
56 96
57 59
57 62
57 64
57 65
57 66
57 67
57 74
57 77
57 78
57 81
57 83
57 88
57 90
57 92
57 96
57 99
57 100
58 66
58 70
58 74
58 80
58 85
58 88
58 91
58 93
58 94
58 99
59 66
59 72
59 73
59 74
59 77
59 79
59 83
59 85
59 88
59 91
59 93
59 98
59 99
59 100
60 61
60 72
60 76
60 77
60 78
60 81
60 84
60 86
60 87
60 88
60 94
60 95
61 62
61 64
61 66
61 69
61 73
61 75
61 78
61 82
61 85
61 91
61 94
61 96
61 98
61 100
62 75
62 76
62 79
62 85
62 87
62 90
62 91
62 93
62 94
62 95
62 96
62 98
63 64
63 69
63 76
63 82
63 83
63 88
63 89
63 95
63 98
63 99
63 100
64 66
64 67
64 76
64 78
64 80
64 81
64 84
64 85
64 90
64 92
64 95
64 97
65 67
65 68
65 71
65 72
65 74
65 75
65 76
65 80
65 88
65 89
65 90
65 98
66 69
66 71
66 72
66 73
66 75
66 79
66 84
66 86
66 88
66 91
66 93
66 94
66 96
66 99
67 68
67 71
67 74
67 75
67 80
67 87
67 94
67 95
68 75
68 77
68 79
68 80
68 84
68 87
68 88
68 100
69 72
69 75
69 76
69 77
69 78
69 82
69 88
69 90
69 91
69 92
69 98
70 78
70 88
70 92
70 98
70 99
71 72
71 73
71 75
71 76
71 78
71 82
71 85
71 93
71 98
72 73
72 75
72 76
72 81
72 83
72 85
72 86
72 89
72 90
72 93
72 96
73 84
73 88
73 92
73 93
74 75
74 84
74 88
74 90
74 92
74 93
74 94
74 95
74 98
75 80
75 81
75 82
75 84
75 85
75 87
75 94
75 98
75 99
76 78
76 80
76 82
76 90
76 91
76 93
77 81
77 86
77 90
77 92
77 96
78 90
78 94
78 96
78 98
79 83
79 96
79 97
79 99
80 81
80 82
80 86
80 91
80 92
80 93
80 95
80 96
81 84
81 85
81 90
81 92
81 93
81 99
82 89
82 93
82 97
82 99
83 84
83 94
83 97
83 98
84 91
84 92
84 97
84 98
85 91
85 100
86 88
86 93
87 90
87 98
87 100
88 91
88 92
88 93
89 94
89 96
89 97
89 98
89 100
90 99
91 95
91 97
91 98
92 97
93 95
93 100
94 97
94 99
95 97
95 99
95 100
97 98
97 100
98 100
99 100